%YAML:1.0
---
K: !!opencv-matrix
   rows: 3
   cols: 3
   dt: d
   data: [ 1.4344465636833356e+03, 0., 9.6644935095650646e+02, 0.,
       1.4324149751636182e+03, 5.3025417705541679e+02, 0., 0., 1. ]
D: !!opencv-matrix
   rows: 1
   cols: 5
   dt: d
   data: [ 6.7135263861849745e-02, -2.1111969426317306e-02,
       7.6512115163330331e-05, -1.5894376553979267e-03,
       -1.6435303160257986e-01 ]
